0.00926173797154611
0.014116069935398354
0.01684188521414577
0.01842103658197835
0.019367542378253645
0.01996854766963483
0.020384341189487225
0.020700662795648438
0.02095973124517226
0.021179527500300804
0.02136569544514701
0.02151858537747061
0.02163713903591553
0.02172080383742114
0.021770285032265514
0.021787660057770258
0.021776177492143892
0.02173992879472555
0.02168349677848188
0.021611634301366874
0.021528997525363015
0.02143994172432701
0.021348378614735257
0.02125768933128196
0.02117068468081556
0.021089603235686098
0.021016137686479548
0.020951480404274362
0.020896380191195312
0.020851203571556048
0.02081599553705994
0.02079053625106794
0.020774391696444395
0.020766957507316754
0.02076749618680453
0.020775168553970012
0.02078906059721388
0.020808206981873804
0.02083161232963469
0.0208582711267395
0.02088718679470943
0.02091739012953143
0.020947957027252124
0.02097802519428072
0.021006809403154077
0.021033614800058373
0.02105784779046404
0.021079024109012273
0.021096773801475465
0.02111084299190206
0.021121092460158527
0.021127493199866607
0.021130119253380417
0.021129138221534005
0.02112479991722758
0.02111742367214107
0.021107384815960282
0.021095100830314746
0.021081017639362196
0.02106559644072866
0.021049301409923747
0.02103258853409191
0.021015895752459744
0.020999634505956585
0.020984182731238716
0.02096987927771929
0.020957019682049917
0.020945853203484747
0.020936581005269406
0.02092935536026927
0.02092427976139646
0.020921409826469332
0.020920754900221643
0.020922280270651777
0.020925909930475394
0.020931529825333087
0.02093899153744915
0.020948116356117055
0.02095869968481456
0.020970515729548583
0.020983322405231805
0.020996866387760865
0.02101088823035767
0.021025127454932065
0.02103932752384017
0.021053240595272166
0.02106663196712746
0.021079284119796156
0.021091000277621407
0.021101607421544162
0.021110958700893544
0.021118935209687415
0.02112544711127125
0.02113043411376571
0.02113386531675815
0.02113573846620148
0.021136078668942335
0.021134936630192395
0.02113238648625845
0.021128523310783937
0.02112346037561788
0.021117326247341008
0.021110261797697562
0.021102417201054727
0.021093948984969385
0.02108501719145455
0.02107578269710451
0.021066404730349386
0.021057038614220883
0.021047833753544014
0.021038931876758833
0.021030465534896518
0.02102255685376263
0.021015316530220176
0.021008843059622615
0.021003222178873432
0.02099852650815528
0.020994815373915454
0.020992134796017102
0.020990517622850754
0.020989983799440608
0.02099054075497387
0.020992183897557606
0.020994897205232635
0.020998653903241037
0.02100341721820501
0.021009141200200507
0.021015771603723452
0.02102324681829218
0.021031498838970642
0.021040454266523626
0.021050035326305516
0.021060160894431655
0.021070747519364014
0.021081710426822664
0.021092964495969115
0.02110442519512068
0.021116009465865348
0.021127636545344337
0.021139228717633927
0.021150711986552845
0.021162016663799913
0.02117307786803121
0.02118383593226516
0.021194236718791337
0.021204231842503245
0.021213778805225528
0.02122284104511167
0.02123138790652278
0.021239394536921384
0.021246841718221193
0.021253715640702164
0.021260007628039947
0.021265713822208494
0.021270834837013336
0.02127537538881356
0.02127934391262199
0.021282752171255557
0.021285614864571065
0.021287949245093467
0.021289774745552686
0.021291112623011806
0.021291985623428586
0.02129241766965484
0.02129243357507148
0.021292058784292897
0.021291319141668028
0.021290240687666502
0.021288849482672952
0.02128717145722763
0.021285232287345194
0.02128305729321962
0.02128067135937509
0.021278098874150685
0.021275363686300355
0.02127248907644936
0.021269497741159313
0.02126641178741582
0.021263252735453528
0.021260041527967073
0.021256798543915024
0.021253543615302416
0.02125029604551586
0.021247074627981775
0.02124389766411355
0.021240782979707412
0.02123774793913057
0.021234809456821303
0.021231984005781326
0.021229287622888067
0.02122673591098485
0.02122434403782178
0.021222126732017003
0.021220098276289116
0.021218272498276198
0.021216662759306216
0.021215281941519518
0.021214142433766004
0.02121325611671036
0.021212634347579456
0.021212287944975934
0.021212227174166695
0.02121246173322948
0.021213000740414243
0.021213852723039436
0.02121502560820852
0.021216526715590895
0.021218362752470077
0.021220539811218183
0.021223063369313424
0.021225938291973154
0.021229168837431762
0.02123275866485157
0.021236710844814558
0.021241027872304162
0.021245711682051263
0.02125076366608576
0.021256184693304623
0.021261975130843037
0.021268134867011193
0.021274663335543276
0.021281559540890185
0.0212888220842787
0.021296449190255803
0.02130443873343543
0.02131278826517048
0.021321495039880598
0.021330556040779304
0.021339968004759773
0.02134972744621917
0.02135983067962305
0.02137027384063766
0.02138105290568393
0.021392163709796533
0.021403601962700174
0.02141536326304575
0.02142744311077844
0.02143983691763861
0.02145254001582455
0.021465547664872388
0.021478855056832523
0.02149245731984377
0.02150634952022557
0.021520526663225854
0.021534983692574387
0.0215497154890022
0.021564716867895958
0.021579982576258386
0.021595507289148667
0.021611285605775032
0.02162731204540593
0.02164358104326179
0.02166008694653856
0.02167682401070481
0.02169378639620074
0.02171096816565465
0.021728363281717802
0.02174596560560209
0.0217637688963908
0.021781766811176002
0.021799952906060367
0.02181832063804672
0.021836863367822732
0.02185557436343543
0.021874446804837137
0.021893473789271752
0.021912648337460712
0.02193196340053847
0.021951411867679134
0.0219709865743495
0.021990680311118373
0.022010485832948026
0.022030395868891824
0.02205040313211988
0.02207050033019398
0.02209068017551542
0.02211093539586922
0.02213125874499267
0.022151643013097577
0.022172081037281396
0.022192565711765092
0.022213089997902048
0.022233646933906066
0.022254229644252613
0.02227483134871222
0.0222954453709809
0.022316065146877048
0.022336684232079046
0.02235729630938477
0.02237789519547491
0.022398474847170145
0.022419029367173892
0.022439553009296453
0.02246004018315992
0.02248048545838521
0.02250088356826651
0.022521229412938958
0.022541518062048495
0.022561744756933597
0.022581904912330624
0.02260199411761427
0.02262200813758747
0.022641942912833377
0.02266179455964459
0.022681559369543844
0.022701233808411634
0.02272081451523536
0.02274029830049629
0.02275968214420925
0.02277896319363106
0.022798138760654042
0.022817206318900076
0.022836163500532237
0.0228550080928005
0.022873738034338363
0.022892351411227457
0.02291084645284823
0.022929221527534478
0.02294747513804968
0.022965605916904205
0.022983612621532434
0.023001494129348547
0.02301924943270129
0.023036877633746976
0.02305437793926082
0.02307174965540664
0.023088992182485116
0.023106105009680366
0.023123087709824016
0.023139939934197332
0.02315666140738952
0.023173251922230784
0.02318971133481821
0.023206039559651358
0.02322223656489408
0.023238302367777075
0.023254237030156753
0.02327004065424177
0.023285713378500984
0.02330125537376167
0.023316666839508726
0.023331948000391806
0.02334709910294753
0.023362120412541494
0.023377012210533968
0.023391774791671135
0.023406408461703804
0.02342091353523164
0.023435290333772493
0.023449539184052865
0.023463660416515913
0.023477654364041003
0.023491521360869204
0.023505261741726412
0.023518875841137078
0.02353236399291854
0.02354572652984674
0.023558963783483503
0.023572076084153817
0.023585063761063074
0.02359792714254219
0.023610666556410007
0.023623282330440212
0.02363577479292284
0.02364814427330733
0.02366039110291699
0.02367251561572343
0.02368451814917064
0.023696399045037484
0.02370815865032986
0.023719797318192154
0.02373131540882989
0.023742713290434213
0.02375399134010124
0.023765149944738436
0.023776189501951685
0.02378711042090663
0.02379791312315928
0.023808598043450376
0.02381916563045981
0.0238296163475168
0.02383995067326286
0.023850169102265364
0.023860272145578107
0.023870260331249157
0.023880134204772977
0.02388989432948703
0.023899541286912067
0.023909075677036155
0.02391849811854274
0.023927809248983096
0.02393700972489427
0.023946100221863418
0.023955081434540223
0.02396395407659835
0.023972718880647902
0.023981376598100703
0.02398992799899036
0.02399837387174876
0.024006715022941737
0.024014952276965332
0.024023086475705356
0.024031118478162097
0.02403904916004291
0.02404687941332425
0.024054610145785697
0.024062242280518245
0.02406977675540882
0.024077214522602943
0.024084556547948333
0.024091803810420524
0.02409895730153288
0.024106018024733368
0.024112986994788713
0.02411986523715924
0.024126653787364588
0.02413335369034305
0.024139965999805595
0.02414649177758601
0.02415293209298878
0.02415928802213606
0.024165560647314583
0.02417175105632455
0.02417786034183059
0.02418388960071687
0.024189839933446425
0.024195712443426394
0.024201508236379333
0.024207228419722313
0.024212874101953438
0.024218446392047382
0.02422394639885999
0.024229375230542784
0.02423473399396781
0.02424002379416322
0.024245245733760135
0.024250400912450842
0.02425549042645916
0.024260515368022765
0.024265476824887736
0.02427037587981595
0.024275213610104922
0.024279991087120825
0.024284709375844208
0.02428936953442854
0.024293972613772613
0.024298519657105052
0.024303011699582853
0.024307449767902382
0.024311834879924065
0.024316168044309732
0.024320450260173324
0.02432468251674459
0.024328865793045648
0.0243330010575806
0.024337089268038143
0.024341131371006852
0.024345128301703364
0.024349080983713217
0.02435299032874483
0.02435685723639538
0.024360682593929976
0.024364467276073307
0.024368212144813203
0.02437191804921773
0.0243755858252638
0.0243792162956787
0.02438281026979405
0.024386368543411648
0.02438989189868216
0.024393381103995665
0.024396836913884633
0.024400260068938823
0.024403651295732583
0.024407011306763825
0.024410340800405265
0.024413640460867227
0.0244169109581725
0.024420152948142638
0.024423367072395785
0.024426553958356065
0.024429714219274225
0.02443284845425928
0.02443595724832114
0.02443904117242397
0.024442100783550164
0.024445136624774627
0.024448149225349155
0.024451139100796736
0.024454106753015157
0.024457052670390517
0.02445997732791927
0.024462881187339143
0.024465764697268595
0.0244686282933543
0.02447147239842635
0.02447429742266091
0.024477103763749963
0.024479891807077884
0.024482661925903784
0.024485414481550498
0.024488149823598815
0.02449086829008658
0.02449357020771327
0.024496255892048364
0.024498925647743752
0.02450157976875001
0.024504218538535696
0.024506842230309737
0.02450945110724544
0.02451204542270769
0.02451462542048085
0.024517191334998422
0.024519743391573534
0.024522281806630124
0.024524806787934037
0.024527318534824354
0.024529817238444086
0.02453230308197029
0.024534776240842878
0.02453723688299236
0.024539685169065916
0.024542121252651213
0.02454454528049886
0.02454695739274162
0.02454935772311164
0.02455174639915458
0.024554123542440846
0.024556489268773584
0.02455884368839328
0.02456118690617899
0.024563519021845684
0.02456584013013805
0.024568150321020124
0.024570449679861137
0.0245727382876171
0.024575016221008383
0.02457728355269288
0.024579540351434996
0.024581786682270294
0.02458402260666563
0.02458624818267514
0.02458846346509153
0.024590668505593376
0.024592863352887618
0.024595048052847943
0.024597222648648602
0.024599387180894307
0.0246015416877454
0.024603686205039107
0.02460582076640657
0.024607945403385574
0.024610060145529553
0.02461216502051243
0.02461426005422958
0.02461634527089512
0.02461842069313503
0.02462048634207743
0.024622542237438472
0.024624588397605375
0.024626624839715536
0.02462865157973305
0.024630668632521408
0.024632676011913594
0.024634673730778957
0.024636661801086993
0.024638640233969045
0.024640609039776478
0.024642568228136895
0.024644517808007572
0.024646457787726492
0.02464838817506113
0.024650308977255078
0.02465222020107247
0.02465412185284046
0.024656013938489617
0.024657896463592625
0.024659769433401108
0.024661632852880762
0.02466348672674485
0.024665331059486383
0.024667165855408426
0.02466899111865336
0.02467080685323067
0.024672613063043528
0.024674409751914046
0.024676196923607577
0.02467797458185592
0.024679742730379237
0.024681501372907293
0.024683250513199848
0.024684990155065773
0.02468672030238173
0.02468844095910987
0.024690152129314972
0.024691853817180684
0.024693546027025202
0.024695228763316264
0.024696902030685766
0.024698565833943597
0.02470022017809097
0.02470186506833334
0.024703500510092763
0.02470512650901996
0.024706743071005708
0.024708350202192135
0.024709947908983225
0.02471153619805548
0.024713115076367715
0.02471468455117092
0.024716244630017533
0.02471779532077058
0.0247193366316126
0.02472086857105382
0.024722391147940698
0.024723904371463906
0.0247254082511659
0.024726902796948554
0.024728388019080432
0.024729863928203935
0.024731330535341788
0.024732787851904043
0.024734235889694305
0.024735674660915922
0.024737104178177996
0.024738524454501185
0.02473993550332342
0.024741337338505
0.024742729974334046
0.024744113425531507
0.024745487707255785
0.024746852835107615
0.02474820882513425
0.02474955569383377
0.024750893458159267
0.024752222135522327
0.02475354174379709
0.02475485230132326
0.024756153826909686
0.02475744633983713
0.02475872985986119
0.024760004407215055
0.024761270002611593
0.02476252666724562
0.024763774422796047
0.024765013291427333
0.024766243295791263
0.024767464459027968
0.024768676804767274
0.02476988035712919
0.024771075140724706
0.024772261180656202
0.02477343850251727
0.02477460713239293
0.024775767096858907
0.02477691842298133
0.024778061138315616
0.024779195270905434
0.024780320849281202
0.0247814379024587
0.024782546459936973
0.02478364655169629
0.024784738208195562
0.024785821460370044
0.024786896339627926
0.02478796287784761
0.024789021107374066
0.024790071061015013
0.02479111277203735
0.024792146274162596
0.024793171601562632
0.024794188788854858
0.024795197871097553
0.024796198883784308
0.024797191862838876
0.02479817684460931
0.024799153865862185
0.02480012296377642
0.024801084175936912
0.024802037540327834
0.024802983095326105
0.024803920879694175
0.024804850932572734
0.0248057732934735
0.02480668800227144
0.02480759509919698
0.024808494624828033
0.02480938662008183
0.024810271126206533
0.024811148184772827
0.024812017837665082
0.02481288012707277
0.024813735095481213
0.02481458278566277
0.024815423240667506
0.024816256503813874
0.024817082618679185
0.02481790162909023
0.024818713579113392
0.02481951851304533
0.024820316475402716
0.02482110751091262
0.024821891664502632
0.024822668981290628
0.024823439506574962
0.02482420328582431
0.024824960364667567
0.024825710788883897
0.02482645460439225
0.02482719185724159
0.02482792259360067
0.024828646859747876
0.024829364702061086
0.02483007616700768
0.02483078130113465
0.02483148015105838
0.024832172763454757
0.024832859185049447
0.02483353946260806
0.02483421364292615
0.02483488177281983
0.02483554389911606
0.024836200068643236
0.02483685032822172
0.024837494724654612
0.024838133304718363
0.02483876611515396
0.024839393202657826
0.024840014613872922
0.02484063039538026
0.024841240593689945
0.024841845255233055
0.024842444426353066
0.02484303815329801
0.024843626482212118
0.024844209459128068
0.024844787129959255
0.024845359540492086
0.02484592673637891
0.024846488763130302
0.024847045666108215
0.02484759749051906
0.024848144281406758
0.024848686083646297
0.02484922294193727
0.02484975490079743
0.024850282004556707
0.024850804297351363
0.024851321823117944
0.02485183462558802
0.024852342748282352
0.024852846234506103
0.024853345127343274
0.024853839469652188
0.024854329304060414
0.024854814672960336
0.0248552956185047
0.02485577218260242
0.024856244406914297
0.024856712332849477
0.02485717600156114
0.024857635453943414
0.024858090730627697
0.024858541871979258
0.024858988918094366
0.024859431908797157
0.024859870883636843
0.024860305881885054
0.024860736942533275
0.024861164104290505
0.024861587405581028
0.024862006884542303
0.024862422579023092
0.02486283452658144
0.0248632427644832
0.024863647329700433
0.024864048258909907
0.02486444558849189
0.02486483935452895
0.024865229592804933
0.024865616338803995
0.024865999627709807
0.02486637949440491
0.0248667559734701
0.024867129099183843
0.024867498905522104
0.02486786542615787
0.02486822869446128
0.024868588743499207
0.024868945606035565
0.024869299314531326
0.02486964990114467
0.02486999739773135
0.0248703418358451
0.024870683246738093
0.024871021661361504
0.024871357110366046
0.02487168962410284
0.024872019232623943
0.02487234596568353
0.024872669852738512
0.02487299092294965
0.02487330920518259
0.024873624728008956
0.0248739375197075
0.024874247608265336
0.024874555021379308
0.02487485978645715
0.024875161930618936
0.024875461480698628
0.024875758463245298
0.024876052904524954
0.0248763448305218
0.02487663426694013
0.024876921239205735
0.02487720577246763
0.024877487891599968
0.024877767621203396
0.024878044985607292
0.02487832000887128
0.024878592714787106
0.024878863126880695
0.024879131268413623
0.024879397162385616
0.024879660831535918
0.024879922298345694
0.024880181585039775
0.024880438713588773
0.02488069370571092
0.02488094658287432
0.024881197366299002
0.02488144607695879
0.024881692735583404
0.024881937362660794
0.02488217997843908
0.02488242060292852
0.024882659255903994
0.024882895956906737
0.02488313072524673
0.024883363580004758
0.02488359454003458
0.024883823623965018
0.02488405085020227
0.024884276236931818
0.02488449980212084
0.024884721563520274
0.024884941538666938
0.024885159744885768
0.024885376199291903
0.024885590918792885
0.02488580392009086
0.024886015219684712
0.02488622483387227
0.024886432778752292
0.024886639070226774
0.02488684372400315
0.0248870467555962
0.02488724818033038
0.02488744801334192
0.024887646269580822
0.02488784296381325
0.024888038110623414
0.024888231724415674
0.02488842381941673
0.024888614409677694
0.024888803509076136
0.02488899113131822
0.024889177289940702
0.024889361998313007
0.02488954526963931
0.02488972711696054
0.02488990755315633
0.024890086590947248
0.02489026424289649
0.024890440521412295
0.024890615438749403
0.024890789007011454
0.024890961238152848
0.024891132143980477
0.024891301736155964
0.024891470026197474
0.024891637025481524
0.024891802745245013
0.024891967196587074
0.024892130390470793
0.024892292337725407
0.024892453049047848
0.02489261253500477
0.024892770806034133
0.024892927872447318
0.024893083744430604
0.02489323843204726
0.024893391945238968
0.024893544293827903
0.02489369548751834
0.024893845535898174
0.024893994448440954
0.02489414223450736
0.024894288903346856
0.024894434464099526
0.024894578925797554
0.02489472229736705
0.024894864587629344
0.024895005805302826
0.024895145959004477
0.02489528505725143
0.02489542310846241
0.024895560120959417
0.024895696102969194
0.024895831062624676
0.02489596500796655
0.024896097946944636
0.02489622988741935
0.02489636083716319
0.024896490803862158
0.024896619795117005
0.024896747818444885
0.024896874881280444
0.02489700099097731
0.024897126154809317
0.02489725037997199
0.024897373673583724
0.02489749604268714
0.02489761749425017
0.02489773803516745
0.02489785767226164
0.024897976412284292
0.024898094261917487
0.024898211227774626
0.024898327316401816
0.024898442534278947
0.0248985568878208
0.024898670383378143
0.0248987830272389
0.02489889482562911
0.024899005784714098
0.0248991159105994
0.024899225209331906
0.024899333686900803
0.0248994413492385
0.024899548202221653
0.02489965425167234
0.02489975950335857
0.02489986396299553
0.02489996763624646
0.024900070528723332
0.024900172645987994
0.024900273993552897
0.02490037457688193
0.024900474401391266
0.024900573472450165
0.024900671795381853
0.024900769375464222
0.024900866217930518
0.02490096232797031
0.02490105771073
0.024901152371313753
0.024901246314783975
0.024901339546162273
0.024901432070429854
0.02490152389252837
0.024901615017360525
0.024901705449790715
0.024901795194645627
0.0249018842567149
0.024901972640751665
0.02490206035147313
0.02490214739356112
0.024902233771662764
0.024902319490390925
0.02490240455432472
0.02490248896801011
0.024902572735960332
0.024902655862656484
0.024902738352547898
0.02490282021005279
0.024902901439558433
0.024902982045421847
0.024903062031970152
0.024903141403500986
0.02490322016428304
0.024903298318556113
0.024903375870531944
0.024903452824394403
0.02490352918429979
0.024903604954377316
0.024903680138729244
0.024903754741431697
0.02490382876653442
0.024903902218061574
0.02490397510001174
0.02490404741635844
0.02490411917105033
0.024904190368011482
0.024904261011141668
0.024904331104316703
0.024904400651388613
0.024904469656186163
0.02490453812251462
0.02490460605415643
0.024904673454871292
0.024904740328396416
0.024904806678446623
0.024904872508714832
0.024904937822872036
0.02490500262456755
0.024905066917429285
0.02490513070506392
0.02490519399105701
0.024905256778973223
0.024905319072356578
0.024905380874730557
0.024905442189598143
0.024905503020442192
0.024905563370725598
0.02490562324389114
0.024905682643361973
0.02490574157254163
0.024905800034814095
0.024905858033544014
0.024905915572076807
0.02490597265373879
0.02490602928183731
0.024906085459660894
0.024906141190479212
0.02490619647754335
0.0249062513240859
0.024906305733320894
0.02490635970844421
0.024906413252633344
