0.013333333333333287
0.026666666666666575
0.03999999999999986
0.05333333333333315
0.06666666666666643
0.07999999999999971
0.09333333333333299
0.10666666666666627
0.11999999999999955
0.13333333333333283
0.1466666666666661
0.1599999999999994
0.17333333333333267
0.18666666666666595
0.19999999999999923
0.21333333333333251
0.2266666666666658
0.23999999999999908
0.25333333333333236
0.26666666666666566
0.27999999999999897
0.2933333333333323
0.3066666666666656
0.3199999999999989
0.3333333333333322
0.3466666666666655
0.3599999999999988
0.37333333333333213
0.38666666666666544
0.39999999999999875
0.41333333333333205
0.42666666666666536
0.43999999999999867
0.453333333333332
0.4666666666666653
0.4799999999999986
0.4933333333333319
0.5066666666666652
0.5199999999999985
0.5333333333333318
0.5466666666666651
0.5599999999999984
0.5733333333333317
0.586666666666665
0.5999999999999983
0.6133333333333316
0.6266666666666649
0.6399999999999982
0.6533333333333315
0.6666666666666649
0.6799999999999982
0.6933333333333315
0.7066666666666648
0.7199999999999981
0.7333333333333314
0.7466666666666647
0.759999999999998
0.7733333333333313
0.7866666666666646
0.7999999999999979
0.8133333333333312
0.8266666666666646
0.8399999999999979
0.8533333333333312
0.8666666666666645
0.8799999999999978
0.8933333333333311
0.9066666666666644
0.9199999999999977
0.933333333333331
0.9466666666666643
0.9599999999999976
0.9733333333333309
0.9866666666666642
0.9999999999999976
1.0133333333333308
1.026666666666664
1.0399999999999971
1.0533333333333303
1.0666666666666635
1.0799999999999967
1.09333333333333
1.1066666666666631
1.1199999999999963
1.1333333333333295
1.1466666666666627
1.159999999999996
1.1733333333333291
1.1866666666666623
1.1999999999999955
1.2133333333333287
1.226666666666662
1.239999999999995
1.2533333333333283
1.2666666666666615
1.2799999999999947
1.293333333333328
1.306666666666661
1.3199999999999943
1.3333333333333275
1.3466666666666607
1.3599999999999939
1.373333333333327
1.3866666666666603
1.3999999999999935
1.4133333333333267
1.4266666666666599
1.439999999999993
1.4533333333333263
1.4666666666666595
1.4799999999999927
1.4933333333333259
1.506666666666659
1.5199999999999922
1.5333333333333254
1.5466666666666586
1.5599999999999918
1.573333333333325
1.5866666666666582
1.5999999999999914
1.6133333333333246
1.6266666666666578
1.639999999999991
1.6533333333333242
1.6666666666666574
1.6799999999999906
1.6933333333333238
1.706666666666657
1.7199999999999902
1.7333333333333234
1.7466666666666566
1.7599999999999898
1.773333333333323
1.7866666666666562
1.7999999999999894
1.8133333333333226
1.8266666666666558
1.839999999999989
1.8533333333333222
1.8666666666666554
1.8799999999999886
1.8933333333333218
1.906666666666655
1.9199999999999882
1.9333333333333214
1.9466666666666546
1.9599999999999878
1.973333333333321
1.9866666666666541
1.9999999999999873
2.0133333333333208
2.026666666666654
2.039999999999987
2.0533333333333204
2.0666666666666536
2.0799999999999867
2.09333333333332
2.106666666666653
2.1199999999999863
2.1333333333333195
2.1466666666666527
2.159999999999986
2.173333333333319
2.1866666666666523
2.1999999999999855
2.2133333333333187
2.226666666666652
2.239999999999985
2.2533333333333183
2.2666666666666515
2.2799999999999847
2.293333333333318
2.306666666666651
2.3199999999999843
2.3333333333333175
2.3466666666666507
2.359999999999984
2.373333333333317
2.3866666666666503
2.3999999999999835
2.4133333333333167
2.42666666666665
2.439999999999983
2.4533333333333163
2.4666666666666495
2.4799999999999827
2.493333333333316
2.506666666666649
2.5199999999999823
2.5333333333333155
2.5466666666666486
2.559999999999982
2.573333333333315
2.5866666666666482
2.5999999999999814
2.6133333333333146
2.626666666666648
2.639999999999981
2.6533333333333142
2.6666666666666474
2.6799999999999806
2.693333333333314
2.706666666666647
2.71999999999998
2.7333333333333134
2.7466666666666466
2.75999999999998
2.773333333333313
2.786666666666646
2.7999999999999794
2.8133333333333126
2.826666666666646
2.839999999999979
2.853333333333312
2.8666666666666454
2.8799999999999786
2.8933333333333118
2.906666666666645
2.919999999999978
2.9333333333333114
2.9466666666666446
2.9599999999999778
2.973333333333311
2.986666666666644
2.9999999999999774
3.0133333333333105
3.0266666666666437
3.039999999999977
3.05333333333331
3.0666666666666433
3.0799999999999765
3.0933333333333097
3.106666666666643
3.119999999999976
3.1333333333333093
3.1466666666666425
3.1599999999999757
3.173333333333309
3.186666666666642
3.1999999999999753
3.2133333333333085
3.2266666666666417
3.239999999999975
3.253333333333308
3.2666666666666413
3.2799999999999745
3.2933333333333077
3.306666666666641
3.319999999999974
3.3333333333333073
3.3466666666666405
3.3599999999999737
3.373333333333307
3.38666666666664
3.3999999999999733
3.4133333333333065
3.4266666666666397
3.439999999999973
3.453333333333306
3.4666666666666393
3.4799999999999724
3.4933333333333056
3.506666666666639
3.519999999999972
3.5333333333333052
3.5466666666666384
3.5599999999999716
3.573333333333305
3.586666666666638
3.5999999999999712
3.6133333333333044
3.6266666666666376
3.639999999999971
3.653333333333304
3.666666666666637
3.6799999999999704
3.6933333333333036
3.706666666666637
3.71999999999997
3.733333333333303
3.7466666666666364
3.7599999999999696
3.773333333333303
3.786666666666636
3.799999999999969
3.8133333333333024
3.8266666666666356
3.8399999999999688
3.853333333333302
3.866666666666635
3.8799999999999684
3.8933333333333016
3.9066666666666348
3.919999999999968
3.933333333333301
3.9466666666666343
3.9599999999999675
3.9733333333333007
3.986666666666634
3.999999999999967
4.013333333333301
4.026666666666634
4.039999999999968
4.053333333333302
4.066666666666635
4.079999999999969
4.093333333333303
4.106666666666636
4.11999999999997
4.1333333333333035
4.146666666666637
4.159999999999971
4.1733333333333045
4.186666666666638
4.199999999999972
4.213333333333305
4.226666666666639
4.239999999999973
4.253333333333306
4.26666666666664
4.279999999999974
4.293333333333307
4.306666666666641
4.3199999999999745
4.333333333333308
4.346666666666642
4.3599999999999755
4.373333333333309
4.386666666666643
4.399999999999976
4.41333333333331
4.426666666666644
4.439999999999977
4.453333333333311
4.466666666666645
4.479999999999978
4.493333333333312
4.5066666666666455
4.519999999999979
4.533333333333313
4.546666666666646
4.55999999999998
4.573333333333314
4.586666666666647
4.599999999999981
4.613333333333315
4.626666666666648
4.639999999999982
4.653333333333316
4.666666666666649
4.679999999999983
4.6933333333333165
4.70666666666665
4.719999999999984
4.733333333333317
4.746666666666651
4.759999999999985
4.773333333333318
4.786666666666652
4.799999999999986
4.813333333333319
4.826666666666653
4.8399999999999865
4.85333333333332
4.866666666666654
4.8799999999999875
4.893333333333321
4.906666666666655
4.919999999999988
4.933333333333322
4.946666666666656
4.959999999999989
4.973333333333323
4.986666666666657
4.99999999999999
5.013333333333324
5.0266666666666575
5.039999999999991
5.053333333333325
5.066666666666658
5.079999999999992
5.093333333333326
5.106666666666659
5.119999999999993
5.133333333333327
5.14666666666666
5.159999999999994
5.173333333333328
5.186666666666661
5.199999999999995
5.2133333333333285
5.226666666666662
5.239999999999996
5.253333333333329
5.266666666666663
5.279999999999997
5.29333333333333
5.306666666666664
5.319999999999998
5.333333333333331
5.346666666666665
5.3599999999999985
5.373333333333332
5.386666666666666
5.3999999999999995
5.413333333333333
5.426666666666667
5.44
5.453333333333334
5.466666666666668
5.480000000000001
5.493333333333335
5.506666666666669
5.520000000000002
5.533333333333336
5.5466666666666695
5.560000000000003
5.573333333333337
5.5866666666666704
5.600000000000004
5.613333333333338
5.626666666666671
5.640000000000005
5.653333333333339
5.666666666666672
5.680000000000006
5.69333333333334
5.706666666666673
5.720000000000007
5.7333333333333405
5.746666666666674
5.760000000000008
5.773333333333341
5.786666666666675
5.800000000000009
5.813333333333342
5.826666666666676
5.84000000000001
5.853333333333343
5.866666666666677
5.8800000000000106
5.893333333333344
5.906666666666678
5.9200000000000115
5.933333333333345
5.946666666666679
5.960000000000012
5.973333333333346
5.98666666666668
6.000000000000013
6.013333333333347
6.026666666666681
6.040000000000014
6.053333333333348
6.0666666666666815
6.080000000000015
6.093333333333349
6.1066666666666825
6.120000000000016
6.13333333333335
6.146666666666683
6.160000000000017
6.173333333333351
6.186666666666684
6.200000000000018
6.213333333333352
6.226666666666685
6.240000000000019
6.2533333333333525
6.266666666666686
6.28000000000002
6.293333333333353
6.306666666666687
6.320000000000021
6.333333333333354
6.346666666666688
6.360000000000022
6.373333333333355
6.386666666666689
6.400000000000023
6.413333333333356
6.42666666666669
6.4400000000000235
6.453333333333357
6.466666666666691
6.480000000000024
6.493333333333358
6.506666666666692
6.520000000000025
6.533333333333359
6.546666666666693
6.560000000000026
6.57333333333336
6.5866666666666935
6.600000000000027
6.613333333333361
6.6266666666666945
6.640000000000028
6.653333333333362
6.666666666666695
6.680000000000029
6.693333333333363
6.706666666666696
6.72000000000003
6.733333333333364
6.746666666666697
6.760000000000031
6.7733333333333645
6.786666666666698
6.800000000000032
6.813333333333365
6.826666666666699
6.840000000000033
6.853333333333366
6.8666666666667
6.880000000000034
6.893333333333367
6.906666666666701
6.920000000000035
6.933333333333368
6.946666666666702
6.9600000000000355
6.973333333333369
6.986666666666703
7.000000000000036
7.01333333333337
7.026666666666704
7.040000000000037
7.053333333333371
7.066666666666705
7.080000000000038
7.093333333333372
7.1066666666667055
7.120000000000039
7.133333333333373
7.1466666666667065
7.16000000000004
7.173333333333374
7.186666666666707
7.200000000000041
7.213333333333375
7.226666666666708
7.240000000000042
7.253333333333376
7.266666666666709
7.280000000000043
7.2933333333333765
7.30666666666671
7.320000000000044
7.3333333333333774
7.346666666666711
7.360000000000045
7.373333333333378
7.386666666666712
7.400000000000046
7.413333333333379
7.426666666666713
7.440000000000047
7.45333333333338
7.466666666666714
7.4800000000000475
7.493333333333381
7.506666666666715
7.520000000000048
7.533333333333382
7.546666666666716
7.560000000000049
7.573333333333383
7.586666666666717
7.60000000000005
7.613333333333384
7.6266666666667176
7.640000000000051
7.653333333333385
7.6666666666667185
7.680000000000052
7.693333333333386
7.706666666666719
7.720000000000053
7.733333333333387
7.74666666666672
7.760000000000054
7.773333333333388
7.786666666666721
7.800000000000055
7.8133333333333885
7.826666666666722
7.840000000000056
7.8533333333333895
7.866666666666723
7.880000000000057
7.89333333333339
7.906666666666724
7.920000000000058
7.933333333333391
7.946666666666725
7.960000000000059
7.973333333333392
7.986666666666726
8.000000000000059
8.013333333333392
8.026666666666726
8.04000000000006
8.053333333333393
8.066666666666727
8.08000000000006
8.093333333333394
8.106666666666728
8.120000000000061
8.133333333333395
8.146666666666729
8.160000000000062
8.173333333333396
8.18666666666673
8.200000000000063
8.213333333333397
8.22666666666673
8.240000000000064
8.253333333333398
8.266666666666731
8.280000000000065
8.293333333333399
8.306666666666732
8.320000000000066
8.3333333333334
8.346666666666733
8.360000000000067
8.3733333333334
8.386666666666734
8.400000000000068
8.413333333333401
8.426666666666735
8.440000000000069
8.453333333333402
8.466666666666736
8.48000000000007
8.493333333333403
8.506666666666737
8.52000000000007
8.533333333333404
8.546666666666738
8.560000000000072
8.573333333333405
8.586666666666739
8.600000000000072
8.613333333333406
8.62666666666674
8.640000000000073
8.653333333333407
8.66666666666674
8.680000000000074
8.693333333333408
8.706666666666742
8.720000000000075
8.733333333333409
8.746666666666743
8.760000000000076
8.77333333333341
8.786666666666743
8.800000000000077
8.81333333333341
8.826666666666744
8.840000000000078
8.853333333333412
8.866666666666745
8.880000000000079
8.893333333333413
8.906666666666746
8.92000000000008
8.933333333333414
8.946666666666747
8.96000000000008
8.973333333333414
8.986666666666748
9.000000000000082
9.013333333333415
9.026666666666749
9.040000000000083
9.053333333333416
9.06666666666675
9.080000000000084
9.093333333333417
9.10666666666675
9.120000000000084
9.133333333333418
9.146666666666752
9.160000000000085
9.173333333333419
9.186666666666753
9.200000000000086
9.21333333333342
9.226666666666754
9.240000000000087
9.253333333333421
9.266666666666755
9.280000000000088
9.293333333333422
9.306666666666755
9.320000000000089
9.333333333333423
9.346666666666756
9.36000000000009
9.373333333333424
9.386666666666757
9.400000000000091
9.413333333333425
9.426666666666758
9.440000000000092
9.453333333333426
9.46666666666676
9.480000000000093
9.493333333333426
9.50666666666676
9.520000000000094
9.533333333333427
9.546666666666761
9.560000000000095
9.573333333333428
9.586666666666762
9.600000000000096
9.61333333333343
9.626666666666763
9.640000000000096
9.65333333333343
9.666666666666764
9.680000000000097
9.693333333333431
9.706666666666765
9.720000000000098
9.733333333333432
9.746666666666766
9.7600000000001
9.773333333333433
9.786666666666767
9.8000000000001
9.813333333333434
9.826666666666767
9.840000000000101
9.853333333333435
9.866666666666768
9.880000000000102
9.893333333333436
9.90666666666677
9.920000000000103
9.933333333333437
9.94666666666677
9.960000000000104
9.973333333333438
9.986666666666771
10.000000000000105
10.013333333333438
10.026666666666772
10.040000000000106
10.05333333333344
10.066666666666773
10.080000000000107
10.09333333333344
10.106666666666774
10.120000000000108
10.133333333333441
10.146666666666775
10.160000000000108
10.173333333333442
10.186666666666776
10.20000000000011
10.213333333333443
10.226666666666777
10.24000000000011
10.253333333333444
10.266666666666778
10.280000000000111
10.293333333333445
10.306666666666779
10.320000000000112
10.333333333333446
10.34666666666678
10.360000000000113
10.373333333333447
10.38666666666678
10.400000000000114
10.413333333333448
10.426666666666781
10.440000000000115
10.453333333333449
10.466666666666782
10.480000000000116
10.49333333333345
10.506666666666783
10.520000000000117
10.53333333333345
10.546666666666784
10.560000000000118
10.573333333333451
10.586666666666785
10.600000000000119
10.613333333333452
10.626666666666786
10.64000000000012
10.653333333333453
10.666666666666787
10.68000000000012
10.693333333333454
10.706666666666788
10.720000000000121
10.733333333333455
10.746666666666789
10.760000000000122
10.773333333333456
10.78666666666679
10.800000000000123
10.813333333333457
10.82666666666679
10.840000000000124
10.853333333333458
10.866666666666791
10.880000000000125
10.893333333333459
10.906666666666792
10.920000000000126
10.93333333333346
10.946666666666793
10.960000000000127
10.97333333333346
10.986666666666794
11.000000000000128
11.013333333333462
11.026666666666795
11.040000000000129
11.053333333333462
11.066666666666796
11.08000000000013
11.093333333333463
11.106666666666797
11.12000000000013
11.133333333333464
11.146666666666798
11.160000000000132
11.173333333333465
11.186666666666799
11.200000000000133
11.213333333333466
11.2266666666668
11.240000000000133
11.253333333333467
11.2666666666668
11.280000000000134
11.293333333333468
11.306666666666802
11.320000000000135
11.333333333333469
11.346666666666803
11.360000000000136
11.37333333333347
11.386666666666803
11.400000000000137
11.41333333333347
11.426666666666804
11.440000000000138
11.453333333333472
11.466666666666805
11.480000000000139
11.493333333333473
11.506666666666806
11.52000000000014
11.533333333333474
11.546666666666807
11.56000000000014
11.573333333333474
11.586666666666808
11.600000000000142
11.613333333333475
11.626666666666809
11.640000000000143
11.653333333333476
11.66666666666681
11.680000000000144
11.693333333333477
11.70666666666681
11.720000000000145
11.733333333333478
11.746666666666812
11.760000000000145
11.773333333333479
11.786666666666813
11.800000000000146
11.81333333333348
11.826666666666814
11.840000000000147
11.853333333333481
11.866666666666815
11.880000000000148
11.893333333333482
11.906666666666816
11.92000000000015
11.933333333333483
11.946666666666816
11.96000000000015
11.973333333333484
11.986666666666817
12.000000000000151
12.013333333333485
12.026666666666818
12.040000000000152
12.053333333333486
12.06666666666682
12.080000000000153
12.093333333333486
12.10666666666682
12.120000000000154
12.133333333333487
12.146666666666821
12.160000000000155
12.173333333333488
12.186666666666822
12.200000000000156
12.21333333333349
12.226666666666823
12.240000000000157
12.25333333333349
12.266666666666824
12.280000000000157
12.293333333333491
12.306666666666825
12.320000000000158
12.333333333333492
12.346666666666826
12.36000000000016
12.373333333333493
12.386666666666827
12.40000000000016
12.413333333333494
12.426666666666828
12.440000000000161
12.453333333333495
12.466666666666828
12.480000000000162
12.493333333333496
12.50666666666683
12.520000000000163
12.533333333333497
12.54666666666683
12.560000000000164
12.573333333333498
12.586666666666831
12.600000000000165
12.613333333333498
12.626666666666832
12.640000000000166
12.6533333333335
12.666666666666833
12.680000000000167
12.6933333333335
12.706666666666834
12.720000000000168
12.733333333333501
12.746666666666835
12.760000000000169
12.773333333333502
12.786666666666836
12.80000000000017
12.813333333333503
12.826666666666837
12.84000000000017
12.853333333333504
12.866666666666838
12.880000000000171
12.893333333333505
12.906666666666839
12.920000000000172
12.933333333333506
12.94666666666684
12.960000000000173
12.973333333333507
12.98666666666684
13.000000000000174
13.013333333333508
13.026666666666841
13.040000000000175
13.053333333333509
13.066666666666842
13.080000000000176
13.09333333333351
13.106666666666843
13.120000000000177
13.13333333333351
13.146666666666844
13.160000000000178
13.173333333333511
13.186666666666845
13.200000000000179
13.213333333333512
13.226666666666846
13.24000000000018
13.253333333333513
13.266666666666847
13.28000000000018
13.293333333333514
13.306666666666848
13.320000000000181
13.333333333333515
13.346666666666849
13.360000000000182
13.373333333333516
13.38666666666685
13.400000000000183
13.413333333333517
13.42666666666685
13.440000000000184
13.453333333333518
13.466666666666852
13.480000000000185
13.493333333333519
13.506666666666852
13.520000000000186
13.53333333333352
13.546666666666853
13.560000000000187
13.57333333333352
13.586666666666854
13.600000000000188
13.613333333333522
13.626666666666855
13.640000000000189
13.653333333333523
13.666666666666856
13.68000000000019
13.693333333333523
13.706666666666857
13.72000000000019
13.733333333333524
