0.028844910970295307
0.04272319394533736
0.0510814291297406
0.05669048536263623
0.06072065952973857
0.06375479562378676
0.06611760561502046
0.06800521444511713
0.06954352671907896
0.0708173064572896
0.07188583679778457
0.072791892635337
0.0735671490919798
0.07423558212519302
0.0748156842914535
0.07532195319419016
0.0757659180494466
0.07615686414239863
0.07650235449344636
0.0768086122482831
0.07708080544507423
0.07732326209724776
0.07753963471514594
0.07773302759827003
0.07790609634850154
0.07806112640582548
0.07820009556994147
0.07832472417582731
0.07843651566544545
0.07853678962722403
0.07862670888335854
0.07870730184053969
0.07877948104674103
0.07884405869030259
0.07890175962014527
0.07895323234497142
0.0789990583756633
0.07903976020213753
0.07907580813874776
0.07910762622729155
0.07913559735102342
0.07916006768472188
0.0791813505832102
0.07919972999256925
0.07921546345365876
0.07922878475574527
0.0792399062884475
0.07924902113240324
0.07925630492267724
0.07926191751369281
0.07926600447015182
0.07926869840483612
0.07927012018121599
0.07927037999631366
0.07926957835719414
0.07926780696270712
0.0792651495006252
0.07926168236906672
0.07925747533001949
0.07925259210186127
0.07924709089698166
0.07924102490992378
0.07923444276086954
0.0792273888987734
0.07921990396799417
0.07921202514187574
0.07920378642637553
0.07919521893652735
0.07918635114824965
0.07917720912776402
0.0791678167406699
0.07915819584252479
0.07914836645260453
0.07913834691236021
0.0791281540299469
0.0791178032120709
0.07910730858428927
0.07909668310078895
0.07908593864458144
0.07907508611896168
0.07906413553100539
0.07905309606780737
0.07904197616610088
0.07903078357584156
0.07901952541828547
0.07900820823904571
0.07899683805656725
0.07898542040642129
0.07897396038178528
0.0789624626704415
0.07895093158859805
0.0789393711118095
0.07892778490324992
0.07891617633956807
0.07890454853453584
0.07889290436068053
0.07888124646907675
0.07886957730745676
0.07885789913678541
0.07884621404643162
0.0788345239680587
0.07882283068834313
0.07881113586062312
0.07879944101556934
0.0787877475709614
0.07877605684064733
0.07876437004275576
0.07875268830722504
0.07874101268270783
0.07872934414290414
0.0787176835923718
0.07870603187185912
0.07869438976319974
0.07868275799380757
0.078671137240805
0.07865952813481594
0.07864793126345183
0.07863634717451642
0.07862477637895303
0.07861321935355585
0.07860167654346531
0.07859014836446503
0.07857863520509756
0.07856713742861336
0.0785556553747674
0.07854418936147546
0.07853273968634218
0.07852130662807115
0.07850989044776661
0.07849849139013612
0.07848710968460161
0.07847574554632682
0.07846439917716744
0.07845307076655067
0.07844176049228939
0.07843046852133649
0.0784191950104841
0.07840794010701196
0.0783967039492889
0.07838548666733156
0.07837428838332311
0.07836310921209548
0.0783519492615779
0.07834080863321395
0.0783296874223504
0.07831858571859883
0.07830750360617321
0.07829644116420446
0.07828539846703432
0.07827437558448934
0.07826337258213732
0.0782523895215269
0.07824142646041166
0.07823048345296003
0.07821956054995165
0.07820865779896186
0.07819777524453415
0.07818691292834251
0.07817607088934345
0.07816524916391909
0.07815444778601152
0.0781436667872492
0.0781329061970659
0.07812216604281291
0.07811144634986424
0.07810074714171635
0.07809006844008201
0.0780794102649786
0.07806877263481193
0.07805815556645507
0.07804755907532307
0.07803698317544341
0.07802642787952287
0.07801589319901056
0.07800537914415795
0.07799488572407533
0.07798441294678563
0.07797396081927521
0.07796352934754236
0.0779531185366428
0.07794272839073356
0.07793235891311398
0.07792201010626508
0.07791168197188675
0.07790137451093326
0.07789108772364696
0.07788082160959024
0.07787057616767619
0.07786035139619739
0.07785014729285382
0.0778399638547789
0.07782980107856478
0.0778196589602861
0.07780953749552287
0.07779943667938195
0.07778935650651793
0.07777929697115292
0.07776925806709507
0.07775923978775683
0.07774924212617201
0.07773926507501203
0.07772930862660166
0.07771937277293384
0.077709457505684
0.07769956281622364
0.07768968869563324
0.07767983513471471
0.07767000212400343
0.07766018965377926
0.07765039771407757
0.0776406262946997
0.07763087538522259
0.07762114497500848
0.07761143505321381
0.07760174560879803
0.07759207663053166
0.07758242810700446
0.07757280002663286
0.07756319237766723
0.07755360514819883
0.07754403832616644
0.07753449189936278
0.07752496585544048
0.07751546018191795
0.07750597486618492
0.07749650989550795
0.07748706525703523
0.0774776409378017
0.07746823692473359
0.07745885320465304
0.07744948976428233
0.07744014659024785
0.07743082366908424
0.07742152098723809
0.07741223853107147
0.07740297628686557
0.07739373424082369
0.07738451237907479
0.07737531068767624
0.07736612915261688
0.07735696775981975
0.07734782649514485
0.07733870534439148
0.07732960429330098
0.07732052332755882
0.0773114624327971
0.07730242159459641
0.07729340079848822
0.07728440002995668
0.07727541927444043
0.07726645851733462
0.07725751774399259
0.07724859693972744
0.07723969608981382
0.07723081517948928
0.0772219541939558
0.07721311311838132
0.07720429193790085
0.0771954906376181
0.07718670920260638
0.07717794761791001
0.07716920586854539
0.07716048393950217
0.07715178181574413
0.07714309948221039
0.07713443692381627
0.07712579412545419
0.07711717107199471
0.07710856774828714
0.0770999841391606
0.07709142022942464
0.07708287600387008
0.0770743514472697
0.07706584654437897
0.07705736127993663
0.07704889563866546
0.07704044960527273
0.07703202316445087
0.07702361630087816
0.07701522899921903
0.0770068612441248
0.07699851302023394
0.07699018431217279
0.07698187510455591
0.07697358538198647
0.0769653151290568
0.07695706433034874
0.07694883297043395
0.07694062103387433
0.07693242850522256
0.07692425536902221
0.0769161016098081
0.07690796721210674
0.07689985216043654
0.0768917564393082
0.07688368003322492
0.07687562292668262
0.07686758510417036
0.07685956655017044
0.07685156724915874
0.07684358718560494
0.07683562634397273
0.07682768470871994
0.07681976226429893
0.07681185899515658
0.07680397488573476
0.07679610992047023
0.07678826408379495
0.07678043736013629
0.07677262973391712
0.07676484118955597
0.0767570717114673
0.07674932128406149
0.0767415898917451
0.07673387751892095
0.07672618414998825
0.07671850976934275
0.07671085436137694
0.07670321791047997
0.07669560040103794
0.07668800181743404
0.07668042214404847
0.07667286136525871
0.07666531946543952
0.07665779642896317
0.07665029224019945
0.07664280688351563
0.07663534034327674
0.07662789260384566
0.0766204636495831
0.07661305346484765
0.07660566203399605
0.07659828934138305
0.07659093537136169
0.07658360010828313
0.07657628353649691
0.07656898564035095
0.07656170640419159
0.07655444581236374
0.07654720384921092
0.07653998049907512
0.07653277574629724
0.07652558957521678
0.07651842197017207
0.0765112729155004
0.07650414239553789
0.07649703039461966
0.07648993689707977
0.0764828618872515
0.07647580534946706
0.07646876726805801
0.07646174762735498
0.07645474641168787
0.07644776360538592
0.07644079919277776
0.07643385315819123
0.07642692548595378
0.0764200161603922
0.0764131251658328
0.07640625248660146
0.07639939810702367
0.07639256201142446
0.0763857441841285
0.07637894460946028
0.07637216327174384
0.07636540015530316
0.07635865524446186
0.07635192852354346
0.07634521997687133
0.07633852958876867
0.07633185734355874
0.07632520322556464
0.07631856721910955
0.07631194930851652
0.07630534947810882
0.07629876771220975
0.07629220399514264
0.07628565831123102
0.07627913064479862
0.07627262098016925
0.07626612930166707
0.07625965559361644
0.07625319984034201
0.07624676202616877
0.07624034213542194
0.0762339401524272
0.07622755606151059
0.07622118984699863
0.07621484149321812
0.07620851098449652
0.07620219830516164
0.07619590343954193
0.07618962637196626
0.07618336708676413
0.07617712556826567
0.07617090180080158
0.07616469576870319
0.07615850745630261
0.07615233684793249
0.07614618392792637
0.0761400486806184
0.0761339310903435
0.07612783114143747
0.07612174881823686
0.07611568410507909
0.07610963698630241
0.076103607446246
0.0760975954692499
0.0760916010396551
0.07608562414180355
0.07607966476003823
0.07607372287870307
0.07606779848214297
0.07606189155470397
0.07605600208073311
0.07605013004457861
0.07604427543058971
0.07603843822311682
0.0760326184065116
0.07602681596512671
0.07602103088331615
0.07601526314543514
0.07600951273584013
0.07600377963888877
0.0759980638389401
0.07599236532035443
0.07598668406749345
0.07598102006472011
0.07597537329639883
0.07596974374689547
0.07596413140057716
0.0759585362418126
0.07595295825497192
0.0759473974244267
0.0759418537345501
0.07593632716971675
0.07593081771430285
0.07592532535268624
0.07591985006924624
0.07591439184836388
0.07590895067442179
0.07590352653180422
0.07589811940489717
0.07589272927808828
0.07588735613576697
0.07588199996232436
0.07587666074215334
0.07587133845964857
0.07586603309920653
0.0758607446452255
0.07585547308210573
0.07585021839424916
0.07584498056605976
0.0758397595819433
0.07583455542630758
0.07582936808356225
0.07582419753811902
0.0758190437743915
0.07581390677679548
0.07580878652974855
0.07580368301767056
0.07579859622498325
0.07579352613611064
0.0757884727354787
0.07578343600751564
0.07577841593665186
0.07577341250731978
0.07576842570395416
0.07576345551099192
0.07575850191287224
0.0757535648940365
0.07574864443892843
0.075743740531994
0.07573885315768154
0.0757339823004417
0.07572912794472746
0.07572429007499425
0.07571946867569987
0.07571466373130449
0.0757098752262707
0.07570510314506372
0.07570034747215101
0.07569560819200274
0.0756908852890915
0.0756861787478924
0.07568148855288309
0.07567681468854397
0.07567215713935774
0.07566751588980998
0.07566289092438883
0.07565828222758501
0.07565368978389203
0.07564911357780606
0.07564455359382591
0.07564000981645325
0.07563548223019238
0.07563097081955053
0.07562647556903754
0.07562199646316625
0.07561753348645212
0.0756130866234137
0.07560865585857224
0.07560424117645194
0.07559984256157995
0.07559545999848631
0.07559109347170402
0.07558674296576906
0.07558240846522035
0.07557808995459986
0.0755737874184526
0.07556950084132662
0.075565230207773
0.07556097550234606
0.07555673670960292
0.0755525138141041
0.07554830680041315
0.07554411565309682
0.07553994035672504
0.0755357808958709
0.07553163725511074
0.07552750941902414
0.07552339737219395
0.07551930109920622
0.07551522058465046
0.07551115581311933
0.07550710676920891
0.07550307343751858
0.07549905580265114
0.07549505384921282
0.07549106756181309
0.07548709692506507
0.07548314192358518
0.07547920254199333
0.07547527876491296
0.07547137057697094
0.07546747796279776
0.07546360090702738
0.07545973939429731
0.07545589340924873
0.07545206293652627
0.07544824796077831
0.07544444846665681
0.07544066443881739
0.07543689586191928
0.07543314272062551
0.07542940499960278
0.07542568268352144
0.0754219757570557
0.07541828420488342
0.07541460801168628
0.07541094716214986
0.07540730164096339
0.07540367143282008
0.07540005652241688
0.07539645689445472
0.07539287253363834
0.07538930342467642
0.07538574955228154
0.07538221090117028
0.07537868745606312
0.07537517920168459
0.07537168612276314
0.0753682082040313
0.07536474543022556
0.0753612977860866
0.07535786525635903
0.07535444782579159
0.07535104547913718
0.07534765820115281
0.07534428597659955
0.07534092879024269
0.07533758662685167
0.07533425947120022
0.07533094730806615
0.0753276501222316
0.0753243678984829
0.07532110062161071
0.07531784827640989
0.07531461084767961
0.07531138832022348
0.0753081806788493
0.07530498790836929
0.07530180999359999
0.07529864691936244
0.07529549867048199
0.0752923652317884
0.07528924658811591
0.07528614272430326
0.07528305362519358
0.07527997927563457
0.07527691966047836
0.07527387476458168
0.07527084457280575
0.07526782907001639
0.07526482824108394
0.07526184207088343
0.07525887054429446
0.07525591364620123
0.07525297136149253
0.07525004367506198
0.07524713057180772
0.07524423203663266
0.07524134805444448
0.07523847861015544
0.0752356236886827
0.07523278327494806
0.0752299573538782
0.07522714591040458
0.0752243489294634
0.07522156639599573
0.0752187982949475
0.07521604461126957
0.07521330532991759
0.07521058043585203
0.0752078699140385
0.07520517374944734
0.07520249192705396
0.07519982443183865
0.07519717124878673
0.0751945323628885
0.07519190775913924
0.07518929742253933
0.07518670133809412
0.07518411949081405
0.0751815518657147
0.07517899844781664
0.07517645922214561
0.07517393417373244
0.07517142328761316
0.07516892654882888
0.07516644394242597
0.0751639754534559
0.07516152106697538
0.07515908076804642
0.07515665454173615
0.07515424237311699
0.07515184424726669
0.07514946014926818
0.07514709006420979
0.07514473397718509
0.07514239187329307
0.07514006373763799
0.07513774955532945
0.07513544931148258
0.0751331629912177
0.0751308905796607
0.07512863206194287
0.07512638742320088
0.07512415664857687
0.07512193972321848
0.07511973663227886
0.0751175473609166
0.07511537189429583
0.0751132102175863
0.07511106231596315
0.07510892817460721
0.0751068077787048
0.07510470111344798
0.07510260816403429
0.07510052891566692
0.07509846335355473
0.07509641146291217
0.07509437322895943
0.07509234863692239
0.07509033767203258
0.07508834031952724
0.07508635656464939
0.0750843863926478
0.07508242978877692
0.07508048673829713
0.07507855722647437
0.07507664123858065
0.07507473875989357
0.07507284977569671
0.07507097427127939
0.07506911223193688
0.0750672636429703
0.07506542848968666
0.07506360675739884
0.07506179843142574
0.07506000349709209
0.07505822193972862
0.07505645374467201
0.07505469889726493
0.07505295738285606
0.07505122918680009
0.07504951429445766
0.07504781269119551
0.07504612436238643
0.07504444929340923
0.07504278746964883
0.07504113887649631
0.07503950349934874
0.07503788132360936
0.07503627233468756
0.07503467651799882
0.07503309385896488
0.07503152434301358
0.07502996795557898
0.07502842468210136
0.07502689450802717
0.07502537741880914
0.07502387339990622
0.07502238243678365
0.07502090451491285
0.07501943961977164
0.07501798773684411
0.07501654885162058
0.07501512294959788
0.07501371001627899
0.07501231003717333
0.07501092299779671
0.0750095488836713
0.07500818768032569
0.07500683937329472
0.07500550394811989
0.07500418139034898
0.0750028716855363
0.07500157481924254
0.07500029077703496
0.0749990195444872
0.0749977611071795
0.07499651545069856
0.0749952825606376
0.07499406242259646
0.07499285502218135
0.07499166034500526
0.07499047837668768
0.07498930910285463
0.07498815250913882
0.07498700858117954
0.07498587730462265
0.07498475866512083
0.07498365264833318
0.0749825592399257
0.07498147842557087
0.07498041019094798
0.07497935452174305
0.07497831140364873
0.07497728082236443
0.07497626276359637
0.07497525721305738
0.07497426415646727
0.07497328357955244
0.07497231546804617
0.07497135980768853
0.07497041658422643
0.0749694857834135
0.07496856739101047
0.07496766139278468
0.0749667677745104
0.07496588652196878
0.07496501762094791
0.07496416105724277
0.07496331681665523
0.07496248488499409
0.07496166524807506
0.07496085789172087
0.07496006280176123
0.0749592799640327
0.0749585093643789
0.07495775098865047
0.07495700482270504
0.07495627085240733
0.07495554906362897
0.07495483944224865
0.07495414197415219
0.0749534566452325
0.07495278344138946
0.07495212234853019
0.07495147335256874
0.07495083643942638
0.07495021159503154
0.07494959880531966
0.0749489980562335
0.07494840933372279
0.07494783262374459
0.07494726791226301
0.07494671518524952
0.07494617442868266
0.0749456456285482
0.0749451287708392
0.07494462384155591
0.07494413082670583
0.07494364971230376
0.07494318048437171
0.07494272312893907
0.07494227763204245
0.07494184397972573
0.07494142215804021
0.07494101215304444
0.07494061395080434
0.07494022753739316
0.07493985289889148
0.07493949002138736
0.07493913889097613
0.0749387994937605
0.0749384718158507
0.07493815584336427
0.0749378515624262
0.0749375589591689
0.07493727801973227
0.07493700873026356
0.07493675107691766
0.07493650504585679
0.07493627062325066
0.07493604779527653
0.07493583654811915
0.07493563686797082
0.0749354487410313
0.07493527215350788
0.07493510709161547
0.07493495354157652
0.07493481148962093
0.07493468092198637
0.07493456182491798
0.07493445418466843
0.07493435798749822
0.07493427321967518
0.07493419986747497
0.07493413791718086
0.07493408735508365
0.07493404816748196
0.07493402034068194
0.07493400386099748
0.0749339987147502
0.07493400488826928
0.07493402236789169
0.07493405113996215
0.07493409119083301
0.0749341425068644
0.07493420507442422
0.07493427887988806
0.07493436390963931
0.0749344601500691
0.07493456758757643
0.07493468620856794
0.07493481599945816
0.07493495694666948
0.07493510903663195
0.07493527225578359
0.07493544659057023
0.07493563202744544
0.07493582855287075
0.07493603615331551
0.07493625481525701
0.07493648452518029
0.07493672526957837
0.07493697703495213
0.07493723980781038
0.07493751357466984
0.07493779832205517
0.07493809403649891
0.07493840070454158
0.07493871831273163
0.07493904684762553
0.07493938629578761
0.07493973664379033
0.07494009787821393
0.07494046998564687
0.0749408529526854
0.07494124676593396
0.07494165141200486
0.07494206687751853
0.07494249314910345
0.07494293021339604
0.07494337805704086
0.0749438366666905
0.07494430602900563
0.07494478613065504
0.07494527695831546
0.07494577849867189
0.07494629073841728
0.0749468136642528
0.07494734726288775
0.0749478915210394
0.0749484464254333
0.07494901196280312
0.07494958811989065
0.07495017488344581
0.07495077224022677
0.07495138017699979
0.0749519986805394
0.07495262773762819
0.07495326733505703
0.07495391745962501
0.07495457809813941
0.07495524923741569
0.07495593086427758
0.07495662296555705
0.07495732552809427
0.07495803853873767
0.07495876198434398
0.0749594958517782
0.07496024012791352
0.07496099479963149
0.07496175985382192
0.07496253527738284
0.07496332105722069
0.07496411718025019
0.07496492363339434
0.07496574040358453
0.0749665674777604
0.07496740484286994
0.07496825248586957
0.07496911039372395
0.07496997855340613
0.07497085695189758
0.07497174557618808
0.07497264441327582
0.07497355345016737
0.07497447267387769
0.07497540207143011
0.07497634162985639
0.07497729133619675
0.07497825117749982
0.07497922114082255
0.07498020121323042
0.07498119138179735
0.07498219163360562
0.07498320195574612
0.07498422233531807
0.0749852527594292
0.0749862932151957
0.07498734368974225
0.074988404170202
0.0749894746437166
0.07499055509743624
0.07499164551851953
0.07499274589413367
0.07499385621145437
0.07499497645766576
0.07499610661996063
0.07499724668554027
0.07499839664161445
0.07499955647540156
0.07500072617412852
0.07500190572503082
0.07500309511535246
0.07500429433234611
0.07500550336327294
0.07500672219540273
0.07500795081601387
0.07500918921239327
0.07501043737183656
0.07501169528164793
0.07501296292914007
0.07501424030163448
0.07501552738646117
0.07501682417095878
0.07501813064247463
0.07501944678836467
0.0750207725959935
0.07502210805273433
0.07502345314596905
0.0750248078630883
0.07502617219149123
0.07502754611858581
0.07502892963178857
0.07503032271852483
0.07503172536622857
0.07503313756234238
0.07503455929431774
0.07503599054961463
0.07503743131570188
0.07503888158005699
0.07504034133016617
0.07504181055352435
0.07504328923763523
0.07504477737001128
0.07504627493817358
0.07504778192965213
0.07504929833198554
0.07505082413272127
0.07505235931941552
0.07505390387963323
0.0750554578009481
0.07505702107094266
0.07505859367720823
0.07506017560734485
0.07506176684896136
0.07506336738967549
0.0750649772171137
0.0750665963189112
0.07506822468271215
0.07506986229616942
0.07507150914694474
0.07507316522270864
0.0750748305111405
0.0750765049999285
0.07507818867676973
0.07507988152937005
0.07508158354544421
0.07508329471271578
0.07508501501891719
0.07508674445178977
0.07508848299908366
0.07509023064855791
0.07509198738798045
0.07509375320512798
0.07509552808778627
0.07509731202374975
0.075099105000822
0.07510090700681522
0.07510271802955075
0.07510453805685867
0.07510636707657804
0.07510820507655673
0.07511005204465172
0.07511190796872867
0.07511377283666237
0.07511564663633641
0.07511752935564332
0.07511942098248466
0.07512132150477077
0.07512323091042107
0.07512514918736386
0.07512707632353637
0.07512901230688482
0.07513095712536437
0.07513291076693913
0.0751348732195822
0.07513684447127567
0.07513882451001049
0.07514081332378668
0.07514281090061324
0.0751448172285081
0.07514683229549814
0.07514885608961935
0.07515088859891662
0.07515292981144381
0.0751549797152639
0.07515703829844872
0.07515910554907917
0.07516118145524525
0.07516326600504576
0.0751653591865887
0.07516746098799101
0.07516957139737863
0.0751716904028866
0.0751738179926589
0.0751759541548486
0.07517809887761776
0.07518025214913747
0.07518241395758789
0.07518458429115822
0.07518676313804667
0.07518895048646052
0.07519114632461611
0.0751933506407388
0.07519556342306302
0.0751977846598323
0.07520001433929914
0.07520225244972517
0.07520449897938106
0.07520675391654656
0.07520901724951051
0.07521128896657077
0.0752135690560343
0.07521585750621716
0.07521815430544447
0.07522045944205046
0.07522277290437844
0.07522509468078072
0.07522742475961877
0.07522976312926327
0.07523210977809386
0.0752344646944992
0.07523682786687723
0.07523919928363494
0.07524157893318832
0.0752439668039626
0.07524636288439208
0.07524876716292012
0.07525117962799922
0.07525360026809108
0.07525602907166642
0.07525846602720505
0.07526091112319606
0.07526336434813749
0.07526582569053658
0.0752682951389097
0.07527077268178238
0.07527325830768926
0.07527575200517408
0.07527825376278977
0.07528076356909831
0.07528328141267092
0.07528580728208795
0.07528834116593881
0.07529088305282214
0.07529343293134572
0.0752959907901264
0.07529855661779027
0.07530113040297257
0.07530371213431761
0.07530630180047894
0.0753088993901192
0.07531150489191021
0.07531411829453306
0.07531673958667782
0.07531936875704383
0.07532200579433956
0.0753246506872827
0.07532730342460002
0.07532996399502755
0.07533263238731042
0.07533530859020292
0.07533799259246864
0.07534068438288016
0.07534338395021933
0.07534609128327725
0.0753488063708541
0.07535152920175925
0.0753542597648113
0.07535699804883793
0.0753597440426761
0.07536249773517192
0.07536525911518069
0.0753680281715669
0.07537080489320418
0.07537358926897542
0.07537638128777269
0.07537918093849721
0.07538198821005938
0.07538480309137884
0.07538762557138437
0.07539045563901405
0.07539329328321501
0.07539613849294366
0.0753989912571656
0.07540185156485561
0.07540471940499774
0.07540759476658512
0.07541047763862013
0.07541336801011433
0.07541626587008858
0.07541917120757279
0.0754220840116062
0.0754250042712372
0.07542793197552336
0.07543086711353147
0.07543380967433753
0.07543675964702676
0.07543971702069356
0.07544268178444155
0.07544565392738359
0.07544863343864167
0.075451620307347
0.07545461452264006
0.07545761607367048
0.0754606249495972
0.07546364113958814
0.07546666463282067
0.07546969541848127
0.0754727334857656
0.07547577882387861
0.0754788314220344
0.07548189126945626
0.07548495835537672
0.07548803266903753
0.07549111419968968
0.07549420293659329
0.07549729886901774
0.0755004019862416
0.07550351227755273
0.07550662973224805
0.07550975433963378
0.0755128860890254
0.07551602496974748
0.07551917097113393
0.07552232408252778
0.07552548429328129
0.07552865159275592
0.07553182597032233
0.07553500741536052
0.07553819591725949
0.07554139146541752
0.07554459404924224
0.07554780365815032
0.07555102028156774
0.07555424390892959
0.07555747452968029
0.07556071213327333
0.07556395670917151
0.07556720824684679
0.07557046673578036
0.07557373216546262
0.07557700452539312
0.07558028380508071
0.07558356999404338
0.0755868630818083
0.07559016305791191
0.0755934699118998
0.07559678363332678
0.07560010421175686
0.0756034316367633
0.07560676589792847
0.075610106984844
0.0756134548871107
0.07561680959433859
0.07562017109614687
0.07562353938216397
0.07562691444202745
0.07563029626538414
0.07563368484189004
0.07563708016121029
0.0756404822130193
0.07564389098700063
0.07564730647284709
0.0756507286602606
0.0756541575389523
0.07565759309864252
0.07566103532906078
0.07566448421994579
0.0756679397610454
0.07567140194211677
0.07567487075292605
0.07567834618324878
0.07568182822286953
0.07568531686158216
0.07568881208918957
0.07569231389550396
0.07569582227034666
0.07569933720354821
0.07570285868494825
0.0757063867043957
0.07570992125174855
0.07571346231687405
0.07571700988964851
0.07572056395995753
0.07572412451769579
0.07572769155276719
0.07573126505508475
0.07573484501457065
0.07573843142115633
0.07574202426478223
0.07574562353539814
0.07574922922296282
0.07575284131744431
0.07575645980881975
0.07576008468707543
0.07576371594220688
0.07576735356421867
0.07577099754312454
0.07577464786894744
0.07577830453171938
0.07578196752148159
0.07578563682828443
0.07578931244218731
0.07579299435325888
0.07579668255157693
0.07580037702722836
0.07580407777030916
0.07580778477092451
0.07581149801918872
0.07581521750522521
0.07581894321916652
