0.03999999999999986
0.07999999999999972
0.11999999999999958
0.15999999999999945
0.19999999999999932
0.2399999999999992
0.279999999999999
0.3199999999999989
0.35999999999999877
0.39999999999999863
0.4399999999999985
0.4799999999999984
0.5199999999999982
0.559999999999998
0.5999999999999979
0.6399999999999977
0.6799999999999975
0.7199999999999973
0.7599999999999971
0.7999999999999969
0.8399999999999967
0.8799999999999966
0.9199999999999964
0.9599999999999962
0.999999999999996
1.0399999999999958
1.0799999999999956
1.1199999999999954
1.1599999999999953
1.199999999999995
1.2399999999999949
1.2799999999999947
1.3199999999999945
1.3599999999999943
1.3999999999999941
1.439999999999994
1.4799999999999938
1.5199999999999936
1.5599999999999934
1.5999999999999932
1.639999999999993
1.6799999999999928
1.7199999999999926
1.7599999999999925
1.7999999999999923
1.839999999999992
1.879999999999992
1.9199999999999917
1.9599999999999915
1.9999999999999913
2.039999999999991
2.079999999999991
2.1199999999999912
2.1599999999999913
2.1999999999999913
2.2399999999999913
2.2799999999999914
2.3199999999999914
2.3599999999999914
2.3999999999999915
2.4399999999999915
2.4799999999999915
2.5199999999999916
2.5599999999999916
2.5999999999999917
2.6399999999999917
2.6799999999999917
2.7199999999999918
2.759999999999992
2.799999999999992
2.839999999999992
2.879999999999992
2.919999999999992
2.959999999999992
2.999999999999992
3.039999999999992
3.079999999999992
3.119999999999992
3.159999999999992
3.199999999999992
3.239999999999992
3.2799999999999923
3.3199999999999923
3.3599999999999923
3.3999999999999924
3.4399999999999924
3.4799999999999924
3.5199999999999925
3.5599999999999925
3.5999999999999925
3.6399999999999926
3.6799999999999926
3.7199999999999926
3.7599999999999927
3.7999999999999927
3.8399999999999928
3.879999999999993
3.919999999999993
3.959999999999993
3.999999999999993
4.039999999999993
4.079999999999993
4.119999999999993
4.159999999999993
4.199999999999993
4.239999999999993
4.279999999999993
4.319999999999993
4.359999999999993
4.399999999999993
4.439999999999993
4.479999999999993
4.519999999999993
4.559999999999993
4.599999999999993
4.6399999999999935
4.6799999999999935
4.7199999999999935
4.759999999999994
4.799999999999994
4.839999999999994
4.879999999999994
4.919999999999994
4.959999999999994
4.999999999999994
5.039999999999994
5.079999999999994
5.119999999999994
5.159999999999994
5.199999999999994
5.239999999999994
5.279999999999994
5.319999999999994
5.359999999999994
5.399999999999994
5.439999999999994
5.479999999999994
5.519999999999994
5.559999999999994
5.599999999999994
5.639999999999994
5.679999999999994
5.719999999999994
5.7599999999999945
5.7999999999999945
5.8399999999999945
5.879999999999995
5.919999999999995
5.959999999999995
5.999999999999995
6.039999999999995
6.079999999999995
6.119999999999995
6.159999999999995
6.199999999999995
6.239999999999995
6.279999999999995
6.319999999999995
6.359999999999995
6.399999999999995
6.439999999999995
6.479999999999995
6.519999999999995
6.559999999999995
6.599999999999995
6.639999999999995
6.679999999999995
6.719999999999995
6.759999999999995
6.799999999999995
6.839999999999995
6.8799999999999955
6.9199999999999955
6.9599999999999955
6.999999999999996
7.039999999999996
7.079999999999996
7.119999999999996
7.159999999999996
7.199999999999996
7.239999999999996
7.279999999999996
7.319999999999996
7.359999999999996
7.399999999999996
7.439999999999996
7.479999999999996
7.519999999999996
7.559999999999996
7.599999999999996
7.639999999999996
7.679999999999996
7.719999999999996
7.759999999999996
7.799999999999996
7.839999999999996
7.879999999999996
7.919999999999996
7.959999999999996
7.9999999999999964
8.039999999999996
8.079999999999995
8.119999999999994
8.159999999999993
8.199999999999992
8.239999999999991
8.27999999999999
8.31999999999999
8.359999999999989
8.399999999999988
8.439999999999987
8.479999999999986
8.519999999999985
8.559999999999985
8.599999999999984
8.639999999999983
8.679999999999982
8.719999999999981
8.75999999999998
8.79999999999998
8.839999999999979
8.879999999999978
8.919999999999977
8.959999999999976
8.999999999999975
9.039999999999974
9.079999999999973
9.119999999999973
9.159999999999972
9.19999999999997
9.23999999999997
9.27999999999997
9.319999999999968
9.359999999999967
9.399999999999967
9.439999999999966
9.479999999999965
9.519999999999964
9.559999999999963
9.599999999999962
9.639999999999961
9.67999999999996
9.71999999999996
9.759999999999959
9.799999999999958
9.839999999999957
9.879999999999956
9.919999999999956
9.959999999999955
9.999999999999954
10.039999999999953
10.079999999999952
10.119999999999951
10.15999999999995
10.19999999999995
10.239999999999949
10.279999999999948
10.319999999999947
10.359999999999946
10.399999999999945
10.439999999999944
10.479999999999944
10.519999999999943
10.559999999999942
10.599999999999941
10.63999999999994
10.67999999999994
10.719999999999938
10.759999999999938
10.799999999999937
10.839999999999936
10.879999999999935
10.919999999999934
10.959999999999933
10.999999999999932
11.039999999999932
11.07999999999993
11.11999999999993
11.159999999999929
11.199999999999928
11.239999999999927
11.279999999999927
11.319999999999926
11.359999999999925
11.399999999999924
11.439999999999923
11.479999999999922
11.519999999999921
11.55999999999992
11.59999999999992
11.639999999999919
11.679999999999918
11.719999999999917
11.759999999999916
11.799999999999915
11.839999999999915
11.879999999999914
11.919999999999913
11.959999999999912
11.999999999999911
12.03999999999991
12.07999999999991
12.119999999999909
12.159999999999908
12.199999999999907
12.239999999999906
12.279999999999905
12.319999999999904
12.359999999999904
12.399999999999903
12.439999999999902
12.479999999999901
12.5199999999999
12.5599999999999
12.599999999999898
12.639999999999898
12.679999999999897
12.719999999999896
12.759999999999895
12.799999999999894
12.839999999999893
12.879999999999892
12.919999999999892
12.95999999999989
12.99999999999989
13.039999999999889
13.079999999999888
13.119999999999887
13.159999999999886
13.199999999999886
13.239999999999885
13.279999999999884
13.319999999999883
13.359999999999882
13.399999999999881
13.43999999999988
13.47999999999988
13.519999999999879
13.559999999999878
13.599999999999877
13.639999999999876
13.679999999999875
13.719999999999875
13.759999999999874
13.799999999999873
13.839999999999872
13.879999999999871
13.91999999999987
13.95999999999987
13.999999999999869
14.039999999999868
14.079999999999867
14.119999999999866
14.159999999999865
14.199999999999864
14.239999999999863
14.279999999999863
14.319999999999862
14.35999999999986
14.39999999999986
14.43999999999986
14.479999999999858
14.519999999999857
14.559999999999857
14.599999999999856
14.639999999999855
14.679999999999854
14.719999999999853
14.759999999999852
14.799999999999851
14.83999999999985
14.87999999999985
14.919999999999849
14.959999999999848
14.999999999999847
15.039999999999846
15.079999999999846
15.119999999999845
15.159999999999844
15.199999999999843
15.239999999999842
15.279999999999841
15.31999999999984
15.35999999999984
15.399999999999839
15.439999999999838
15.479999999999837
15.519999999999836
15.559999999999835
15.599999999999834
15.639999999999834
15.679999999999833
15.719999999999832
15.759999999999831
15.79999999999983
15.83999999999983
15.879999999999828
15.919999999999828
15.959999999999827
15.999999999999826
16.039999999999825
16.079999999999824
16.119999999999823
16.159999999999823
16.19999999999982
16.23999999999982
16.27999999999982
16.31999999999982
16.35999999999982
16.399999999999817
16.439999999999817
16.479999999999816
16.519999999999815
16.559999999999814
16.599999999999813
16.639999999999812
16.67999999999981
16.71999999999981
16.75999999999981
16.79999999999981
16.839999999999808
16.879999999999807
16.919999999999806
16.959999999999805
16.999999999999805
17.039999999999804
17.079999999999803
17.119999999999802
17.1599999999998
17.1999999999998
17.2399999999998
17.2799999999998
17.319999999999798
17.359999999999797
17.399999999999796
17.439999999999795
17.479999999999794
17.519999999999794
17.559999999999793
17.599999999999792
17.63999999999979
17.67999999999979
17.71999999999979
17.75999999999979
17.799999999999788
17.839999999999787
17.879999999999786
17.919999999999785
17.959999999999784
17.999999999999783
18.039999999999782
18.07999999999978
18.11999999999978
18.15999999999978
18.19999999999978
18.239999999999778
18.279999999999777
18.319999999999776
18.359999999999776
18.399999999999775
18.439999999999774
18.479999999999773
18.519999999999772
18.55999999999977
18.59999999999977
18.63999999999977
18.67999999999977
18.719999999999768
18.759999999999767
18.799999999999766
18.839999999999765
18.879999999999765
18.919999999999764
18.959999999999763
18.999999999999762
19.03999999999976
19.07999999999976
19.11999999999976
19.15999999999976
19.199999999999758
19.239999999999757
19.279999999999756
19.319999999999755
19.359999999999754
19.399999999999753
19.439999999999753
19.47999999999975
19.51999999999975
19.55999999999975
19.59999999999975
19.63999999999975
19.679999999999747
19.719999999999747
19.759999999999746
19.799999999999745
19.839999999999744
19.879999999999743
19.919999999999742
19.95999999999974
19.99999999999974
20.03999999999974
20.07999999999974
20.119999999999738
20.159999999999737
20.199999999999736
20.239999999999736
20.279999999999735
20.319999999999734
20.359999999999733
20.399999999999732
20.43999999999973
20.47999999999973
20.51999999999973
20.55999999999973
20.599999999999728
20.639999999999727
20.679999999999726
20.719999999999725
20.759999999999724
20.799999999999724
20.839999999999723
20.879999999999722
20.91999999999972
20.95999999999972
20.99999999999972
21.03999999999972
21.079999999999718
21.119999999999717
21.159999999999716
21.199999999999715
21.239999999999714
21.279999999999713
21.319999999999713
21.35999999999971
21.39999999999971
21.43999999999971
21.47999999999971
21.51999999999971
21.559999999999707
21.599999999999707
21.639999999999706
21.679999999999705
21.719999999999704
21.759999999999703
21.799999999999702
21.8399999999997
21.8799999999997
21.9199999999997
21.9599999999997
21.999999999999698
22.039999999999697
22.079999999999696
22.119999999999695
22.159999999999695
22.199999999999694
22.239999999999693
22.279999999999692
22.31999999999969
22.35999999999969
22.39999999999969
22.43999999999969
22.479999999999688
22.519999999999687
22.559999999999686
22.599999999999685
22.639999999999684
22.679999999999684
22.719999999999683
22.759999999999682
22.79999999999968
22.83999999999968
22.87999999999968
22.91999999999968
22.959999999999678
22.999999999999677
23.039999999999676
23.079999999999675
23.119999999999674
23.159999999999673
23.199999999999672
23.23999999999967
23.27999999999967
23.31999999999967
23.35999999999967
23.399999999999668
23.439999999999667
23.479999999999666
23.519999999999666
23.559999999999665
23.599999999999664
23.639999999999663
23.679999999999662
23.71999999999966
23.75999999999966
23.79999999999966
23.83999999999966
23.879999999999658
23.919999999999657
23.959999999999656
23.999999999999655
24.039999999999655
24.079999999999654
24.119999999999653
24.159999999999652
24.19999999999965
24.23999999999965
24.27999999999965
24.31999999999965
24.359999999999648
24.399999999999647
24.439999999999646
24.479999999999645
24.519999999999644
24.559999999999643
24.599999999999643
24.63999999999964
24.67999999999964
24.71999999999964
24.75999999999964
24.79999999999964
24.839999999999637
24.879999999999637
24.919999999999636
24.959999999999635
24.999999999999634
25.039999999999633
25.079999999999632
25.11999999999963
25.15999999999963
25.19999999999963
25.23999999999963
25.279999999999628
25.319999999999627
25.359999999999626
25.399999999999626
25.439999999999625
25.479999999999624
25.519999999999623
25.559999999999622
25.59999999999962
25.63999999999962
25.67999999999962
25.71999999999962
25.759999999999618
25.799999999999617
25.839999999999616
25.879999999999615
25.919999999999614
25.959999999999614
25.999999999999613
26.039999999999612
26.07999999999961
26.11999999999961
26.15999999999961
26.19999999999961
26.239999999999608
26.279999999999607
26.319999999999606
26.359999999999605
26.399999999999604
26.439999999999603
26.479999999999603
26.5199999999996
26.5599999999996
26.5999999999996
26.6399999999996
26.6799999999996
26.719999999999597
26.759999999999597
26.799999999999596
26.839999999999595
26.879999999999594
26.919999999999593
26.959999999999592
26.99999999999959
27.03999999999959
27.07999999999959
27.11999999999959
27.159999999999588
27.199999999999587
27.239999999999586
27.279999999999585
27.319999999999585
27.359999999999584
27.399999999999583
27.439999999999582
27.47999999999958
27.51999999999958
27.55999999999958
27.59999999999958
27.639999999999578
27.679999999999577
27.719999999999576
27.759999999999575
27.799999999999574
27.839999999999574
27.879999999999573
27.919999999999572
27.95999999999957
27.99999999999957
28.03999999999957
28.07999999999957
28.119999999999568
28.159999999999567
28.199999999999566
28.239999999999565
28.279999999999564
28.319999999999563
28.359999999999562
28.39999999999956
28.43999999999956
28.47999999999956
28.51999999999956
28.559999999999558
28.599999999999557
28.639999999999556
28.679999999999556
28.719999999999555
28.759999999999554
28.799999999999553
28.839999999999552
28.87999999999955
28.91999999999955
28.95999999999955
28.99999999999955
29.039999999999548
29.079999999999547
29.119999999999546
29.159999999999545
29.199999999999545
29.239999999999544
29.279999999999543
29.319999999999542
29.35999999999954
29.39999999999954
29.43999999999954
29.47999999999954
29.519999999999538
29.559999999999537
29.599999999999536
29.639999999999535
29.679999999999534
29.719999999999533
29.759999999999533
29.79999999999953
29.83999999999953
29.87999999999953
29.91999999999953
29.95999999999953
29.999999999999527
30.039999999999527
30.079999999999526
30.119999999999525
30.159999999999524
30.199999999999523
30.239999999999522
30.27999999999952
30.31999999999952
30.35999999999952
30.39999999999952
30.439999999999518
30.479999999999517
30.519999999999516
30.559999999999516
30.599999999999515
30.639999999999514
30.679999999999513
30.719999999999512
30.75999999999951
30.79999999999951
30.83999999999951
30.87999999999951
30.919999999999508
30.959999999999507
30.999999999999506
31.039999999999505
31.079999999999504
31.119999999999504
31.159999999999503
31.199999999999502
31.2399999999995
31.2799999999995
31.3199999999995
31.3599999999995
31.399999999999498
31.439999999999497
31.479999999999496
31.519999999999495
31.559999999999494
31.599999999999493
31.639999999999493
31.67999999999949
31.71999999999949
31.75999999999949
31.79999999999949
31.83999999999949
31.879999999999487
31.919999999999487
31.959999999999486
31.999999999999485
32.03999999999949
32.07999999999949
32.119999999999486
32.159999999999485
32.199999999999484
32.23999999999948
32.27999999999948
32.31999999999948
32.35999999999948
32.39999999999948
32.43999999999948
32.47999999999948
32.51999999999948
32.55999999999948
32.599999999999476
32.639999999999475
32.679999999999474
32.71999999999947
32.75999999999947
32.79999999999947
32.83999999999947
32.87999999999947
32.91999999999947
32.95999999999947
32.99999999999947
33.039999999999466
33.079999999999465
33.119999999999465
33.159999999999464
33.19999999999946
33.23999999999946
33.27999999999946
33.31999999999946
33.35999999999946
33.39999999999946
33.43999999999946
33.47999999999946
33.519999999999456
33.559999999999455
33.599999999999454
33.63999999999945
33.67999999999945
33.71999999999945
33.75999999999945
33.79999999999945
33.83999999999945
33.87999999999945
33.91999999999945
33.95999999999945
33.999999999999446
34.039999999999445
34.079999999999444
34.11999999999944
34.15999999999944
34.19999999999944
34.23999999999944
34.27999999999944
34.31999999999944
34.35999999999944
34.39999999999944
34.439999999999436
34.479999999999436
34.519999999999435
34.559999999999434
34.59999999999943
34.63999999999943
34.67999999999943
34.71999999999943
34.75999999999943
34.79999999999943
34.83999999999943
34.87999999999943
34.919999999999426
34.959999999999425
34.999999999999424
35.039999999999424
35.07999999999942
35.11999999999942
35.15999999999942
35.19999999999942
35.23999999999942
35.27999999999942
35.31999999999942
35.35999999999942
35.399999999999416
35.439999999999415
35.479999999999414
35.51999999999941
35.55999999999941
35.59999999999941
35.63999999999941
35.67999999999941
35.71999999999941
35.75999999999941
35.79999999999941
35.83999999999941
35.879999999999406
35.919999999999405
35.959999999999404
35.9999999999994
36.0399999999994
36.0799999999994
36.1199999999994
36.1599999999994
36.1999999999994
36.2399999999994
36.2799999999994
36.319999999999396
36.359999999999395
36.399999999999395
36.439999999999394
36.47999999999939
36.51999999999939
36.55999999999939
36.59999999999939
36.63999999999939
36.67999999999939
36.71999999999939
36.75999999999939
36.799999999999386
36.839999999999385
36.879999999999384
36.91999999999938
36.95999999999938
36.99999999999938
37.03999999999938
37.07999999999938
37.11999999999938
37.15999999999938
37.19999999999938
37.23999999999938
37.279999999999376
37.319999999999375
37.359999999999374
37.39999999999937
37.43999999999937
37.47999999999937
37.51999999999937
37.55999999999937
37.59999999999937
37.63999999999937
37.67999999999937
37.71999999999937
37.759999999999366
37.799999999999365
37.839999999999364
37.87999999999936
37.91999999999936
37.95999999999936
37.99999999999936
38.03999999999936
38.07999999999936
38.11999999999936
38.15999999999936
38.199999999999356
38.239999999999355
38.279999999999355
38.319999999999354
38.35999999999935
38.39999999999935
38.43999999999935
38.47999999999935
38.51999999999935
38.55999999999935
38.59999999999935
38.63999999999935
38.679999999999346
38.719999999999345
38.759999999999344
38.79999999999934
38.83999999999934
38.87999999999934
38.91999999999934
38.95999999999934
38.99999999999934
39.03999999999934
39.07999999999934
39.11999999999934
39.159999999999336
39.199999999999335
39.239999999999334
39.27999999999933
39.31999999999933
39.35999999999933
39.39999999999933
39.43999999999933
39.47999999999933
39.51999999999933
39.55999999999933
39.599999999999326
39.639999999999326
39.679999999999325
39.719999999999324
39.75999999999932
39.79999999999932
39.83999999999932
39.87999999999932
39.91999999999932
39.95999999999932
39.99999999999932
40.03999999999932
40.079999999999316
40.119999999999315
40.159999999999314
40.199999999999314
40.23999999999931
40.27999999999931
40.31999999999931
40.35999999999931
40.39999999999931
40.43999999999931
40.47999999999931
40.51999999999931
40.559999999999306
40.599999999999305
40.639999999999304
40.6799999999993
40.7199999999993
40.7599999999993
40.7999999999993
40.8399999999993
40.8799999999993
40.9199999999993
40.9599999999993
40.9999999999993
41.039999999999296
41.079999999999295
41.119999999999294
41.15999999999929
41.19999999999929
41.23999999999929
41.27999999999929
41.31999999999929
41.35999999999929
41.39999999999929
41.43999999999929
41.479999999999286
41.519999999999285
41.559999999999285
41.599999999999284
41.63999999999928
41.67999999999928
41.71999999999928
41.75999999999928
41.79999999999928
41.83999999999928
41.87999999999928
41.91999999999928
41.959999999999276
41.999999999999275
42.039999999999274
42.07999999999927
42.11999999999927
42.15999999999927
42.19999999999927
42.23999999999927
42.27999999999927
42.31999999999927
42.35999999999927
42.39999999999927
42.439999999999266
42.479999999999265
42.519999999999264
42.55999999999926
42.59999999999926
42.63999999999926
42.67999999999926
42.71999999999926
42.75999999999926
42.79999999999926
42.83999999999926
42.87999999999926
42.919999999999256
42.959999999999255
42.999999999999254
43.03999999999925
43.07999999999925
43.11999999999925
43.15999999999925
43.19999999999925
43.23999999999925
43.27999999999925
43.31999999999925
43.359999999999246
43.399999999999245
43.439999999999245
43.479999999999244
43.51999999999924
43.55999999999924
43.59999999999924
43.63999999999924
43.67999999999924
43.71999999999924
43.75999999999924
43.79999999999924
43.839999999999236
43.879999999999235
43.919999999999234
43.95999999999923
43.99999999999923
44.03999999999923
44.07999999999923
44.11999999999923
44.15999999999923
44.19999999999923
44.23999999999923
44.27999999999923
44.319999999999226
44.359999999999225
44.399999999999224
44.43999999999922
44.47999999999922
44.51999999999922
44.55999999999922
44.59999999999922
44.63999999999922
44.67999999999922
44.71999999999922
44.759999999999216
44.799999999999216
44.839999999999215
44.879999999999214
44.91999999999921
44.95999999999921
44.99999999999921
45.03999999999921
45.07999999999921
45.11999999999921
45.15999999999921
45.19999999999921
45.239999999999206
45.279999999999205
45.319999999999204
45.359999999999204
45.3999999999992
45.4399999999992
45.4799999999992
45.5199999999992
45.5599999999992
45.5999999999992
45.6399999999992
45.6799999999992
45.719999999999196
45.759999999999195
45.799999999999194
45.83999999999919
45.87999999999919
45.91999999999919
45.95999999999919
45.99999999999919
46.03999999999919
46.07999999999919
46.11999999999919
46.15999999999919
46.199999999999186
46.239999999999185
46.279999999999184
46.31999999999918
46.35999999999918
46.39999999999918
46.43999999999918
46.47999999999918
46.51999999999918
46.55999999999918
46.59999999999918
46.639999999999176
46.679999999999175
46.719999999999175
46.759999999999174
46.79999999999917
46.83999999999917
46.87999999999917
46.91999999999917
46.95999999999917
46.99999999999917
47.03999999999917
47.07999999999917
47.119999999999166
47.159999999999165
47.199999999999164
47.23999999999916
47.27999999999916
47.31999999999916
47.35999999999916
47.39999999999916
47.43999999999916
47.47999999999916
47.51999999999916
47.55999999999916
47.599999999999156
47.639999999999155
47.679999999999154
47.71999999999915
47.75999999999915
47.79999999999915
47.83999999999915
47.87999999999915
47.91999999999915
47.95999999999915
47.99999999999915
48.03999999999915
48.079999999999146
48.119999999999145
48.159999999999144
48.19999999999914
48.23999999999914
48.27999999999914
48.31999999999914
48.35999999999914
48.39999999999914
48.43999999999914
48.47999999999914
48.519999999999136
48.559999999999135
48.599999999999135
48.639999999999134
48.67999999999913
48.71999999999913
48.75999999999913
48.79999999999913
48.83999999999913
48.87999999999913
48.91999999999913
48.95999999999913
48.999999999999126
49.039999999999125
49.079999999999124
49.11999999999912
49.15999999999912
49.19999999999912
49.23999999999912
49.27999999999912
49.31999999999912
49.35999999999912
49.39999999999912
49.43999999999912
49.479999999999116
49.519999999999115
49.559999999999114
49.59999999999911
49.63999999999911
49.67999999999911
49.71999999999911
49.75999999999911
49.79999999999911
49.83999999999911
49.87999999999911
49.919999999999106
49.959999999999106
49.999999999999105
50.039999999999104
50.0799999999991
50.1199999999991
50.1599999999991
50.1999999999991
50.2399999999991
50.2799999999991
50.3199999999991
